1	20 3	30 6	35 12
2	15 3	30 3	35 15
3	25 3	30 9	35 9
4	20 3	30 12	40 6
5	25 3	35 3	40 12
6	15 3	40 12	45 3
7	20 3	40 15
8	25 3	30 15	45 3
9	25 3	30 6	45 9
10	15 3	35 6	45 9
11	25 3	35 9	45 6
12	35 15	45 3
13	30 18	40 3
14	15 6	20 2	25 10	35 8
15	15 1	25 10	35 1	40 9
16	15 2	25 12	30 11
17	25 18	35 6
18	25 12	40 9
19	15 3	30 6	48 9
20	35 3	40 3	48 9
21	30 3	45 3	48 9
22	20 3	30 3	50 3	60 6
24	50 6	60 6
25	20 3	40 6	60 6
26	50 3	55 6	60 3
27	45 3	55 3	60 6
28	25 6	35 3	45 9
29	25 9	35 9	40 3
30	20 3	25 6	35 6	40 6
31	25 9	30 6	40 3	45 3
32	15 9	20 15	25 9
33	15 15	20 15	30 4
34	20 9	25 12	30 6
35	15 15	20 3	25 15
36	15 12	20 15	30 6
37	40 9	50 6
38	30 12	50 6
39	35 6	50 9
40	20 8	30 9	35 6	40 6
41	20 6	30 3	35 6	40 6
42	15 6	30 3	35 6	45 6
43	15 3	20 3	35 9	40 6
44	15 6	35 6	40 9
45	15 6	25 1	30 10	35 5	40 1